[VerticesNum]
36

[Color]
1.0f 0.5f 0.31f

[Normals]
Enable=1

[Texture]
texEnable=0
texPath=C:\Users\FOX\Source\Repos\openGL_learn\models\crate\texture_crate.jpg

[Vertices]
-0.5f -0.5f -0.5f 	0.0f  0.0f -1.0f 	0.0f 0.0f
0.5f -0.5f -0.5f 	0.0f  0.0f -1.0f 	1.0f 0.0f
0.5f  0.5f -0.5f 	0.0f  0.0f -1.0f 	1.0f 1.0f
0.5f  0.5f -0.5f 	0.0f  0.0f -1.0f 	1.0f 1.0f
-0.5f  0.5f -0.5f 	0.0f  0.0f -1.0f 	0.0f 1.0f
-0.5f -0.5f -0.5f 	0.0f  0.0f -1.0f 	0.0f 0.0f
-0.5f -0.5f  0.5f 	0.0f  0.0f 1.0f 	0.0f 0.0f
0.5f -0.5f  0.5f 	0.0f  0.0f 1.0f 	1.0f 0.0f
0.5f  0.5f  0.5f 	0.0f  0.0f 1.0f 	1.0f 1.0f
0.5f  0.5f  0.5f 	0.0f  0.0f 1.0f 	1.0f 1.0f
-0.5f  0.5f  0.5f 	0.0f  0.0f 1.0f 	0.0f 1.0f
-0.5f -0.5f  0.5f 	0.0f  0.0f 1.0f 	0.0f 0.0f
-0.5f  0.5f  0.5f 	-1.0f  0.0f  0.0f 	1.0f 0.0f
-0.5f  0.5f -0.5f 	-1.0f  0.0f  0.0f 	1.0f 1.0f
-0.5f -0.5f -0.5f 	-1.0f  0.0f  0.0f 	0.0f 1.0f
-0.5f -0.5f -0.5f 	-1.0f  0.0f  0.0f 	0.0f 1.0f
-0.5f -0.5f  0.5f 	-1.0f  0.0f  0.0f 	0.0f 0.0f
-0.5f  0.5f  0.5f 	-1.0f  0.0f  0.0f 	1.0f 0.0f
0.5f  0.5f  0.5f 	1.0f  0.0f  0.0f 	1.0f 0.0f
0.5f  0.5f -0.5f 	1.0f  0.0f  0.0f 	1.0f 1.0f
0.5f -0.5f -0.5f 	1.0f  0.0f  0.0f 	0.0f 1.0f
0.5f -0.5f -0.5f 	1.0f  0.0f  0.0f 	0.0f 1.0f
0.5f -0.5f  0.5f 	1.0f  0.0f  0.0f 	0.0f 0.0f
0.5f  0.5f  0.5f 	1.0f  0.0f  0.0f 	1.0f 0.0f
-0.5f -0.5f -0.5f 	0.0f -1.0f  0.0f 	0.0f 1.0f
0.5f -0.5f -0.5f 	0.0f -1.0f  0.0f 	1.0f 1.0f
0.5f -0.5f  0.5f 	0.0f -1.0f  0.0f 	1.0f 0.0f
0.5f -0.5f  0.5f 	0.0f -1.0f  0.0f 	1.0f 0.0f
-0.5f -0.5f  0.5f 	0.0f -1.0f  0.0f 	0.0f 0.0f
-0.5f -0.5f -0.5f 	0.0f -1.0f  0.0f 	0.0f 1.0f
-0.5f  0.5f -0.5f 	0.0f  1.0f  0.0f 	0.0f 1.0f
0.5f  0.5f -0.5f 	0.0f  1.0f  0.0f 	1.0f 1.0f
0.5f  0.5f  0.5f 	0.0f  1.0f  0.0f 	1.0f 0.0f
0.5f  0.5f  0.5f 	0.0f  1.0f  0.0f 	1.0f 0.0f
-0.5f  0.5f  0.5f 	0.0f  1.0f  0.0f 	0.0f 0.0f
-0.5f  0.5f -0.5f  	0.0f  1.0f  0.0f	0.0f 1.0f