[VerticesNum]
36

[Normals]
Enable=1

[Texture]
texEnable=0

[Vertices]
-0.5f -0.5f -0.5f 	0.0f  0.0f -1.0f 	0.0f 0.0f
0.5f -0.5f -0.5f 	0.0f  0.0f -1.0f 	1.0f 0.0f
0.5f  0.5f -0.5f 	0.0f  0.0f -1.0f 	1.0f 1.0f
0.5f  0.5f -0.5f 	0.0f  0.0f -1.0f 	1.0f 1.0f
-0.5f  0.5f -0.5f 	0.0f  0.0f -1.0f 	0.0f 1.0f
-0.5f -0.5f -0.5f 	0.0f  0.0f -1.0f 	0.0f 0.0f
-0.5f -0.5f  0.5f 	0.0f  0.0f 1.0f 	0.0f 0.0f
0.5f -0.5f  0.5f 	0.0f  0.0f 1.0f 	1.0f 0.0f
0.5f  0.5f  0.5f 	0.0f  0.0f 1.0f 	1.0f 1.0f
0.5f  0.5f  0.5f 	0.0f  0.0f 1.0f 	1.0f 1.0f
-0.5f  0.5f  0.5f 	0.0f  0.0f 1.0f 	0.0f 1.0f
-0.5f -0.5f  0.5f 	0.0f  0.0f 1.0f 	0.0f 0.0f
-0.5f  0.5f  0.5f 	-1.0f  0.0f  0.0f 	1.0f 0.0f
-0.5f  0.5f -0.5f 	-1.0f  0.0f  0.0f 	1.0f 1.0f
-0.5f -0.5f -0.5f 	-1.0f  0.0f  0.0f 	0.0f 1.0f
-0.5f -0.5f -0.5f 	-1.0f  0.0f  0.0f 	0.0f 1.0f
-0.5f -0.5f  0.5f 	-1.0f  0.0f  0.0f 	0.0f 0.0f
-0.5f  0.5f  0.5f 	-1.0f  0.0f  0.0f 	1.0f 0.0f
0.5f  0.5f  0.5f 	1.0f  0.0f  0.0f 	1.0f 0.0f
0.5f  0.5f -0.5f 	1.0f  0.0f  0.0f 	1.0f 1.0f
0.5f -0.5f -0.5f 	1.0f  0.0f  0.0f 	0.0f 1.0f
0.5f -0.5f -0.5f 	1.0f  0.0f  0.0f 	0.0f 1.0f
0.5f -0.5f  0.5f 	1.0f  0.0f  0.0f 	0.0f 0.0f
0.5f  0.5f  0.5f 	1.0f  0.0f  0.0f 	1.0f 0.0f
-0.5f -0.5f -0.5f 	0.0f -1.0f  0.0f 	0.0f 1.0f
0.5f -0.5f -0.5f 	0.0f -1.0f  0.0f 	1.0f 1.0f
0.5f -0.5f  0.5f 	0.0f -1.0f  0.0f 	1.0f 0.0f
0.5f -0.5f  0.5f 	0.0f -1.0f  0.0f 	1.0f 0.0f
-0.5f -0.5f  0.5f 	0.0f -1.0f  0.0f 	0.0f 0.0f
-0.5f -0.5f -0.5f 	0.0f -1.0f  0.0f 	0.0f 1.0f
-0.5f  0.5f -0.5f 	0.0f  1.0f  0.0f 	0.0f 1.0f
0.5f  0.5f -0.5f 	0.0f  1.0f  0.0f 	1.0f 1.0f
0.5f  0.5f  0.5f 	0.0f  1.0f  0.0f 	1.0f 0.0f
0.5f  0.5f  0.5f 	0.0f  1.0f  0.0f 	1.0f 0.0f
-0.5f  0.5f  0.5f 	0.0f  1.0f  0.0f 	0.0f 0.0f
-0.5f  0.5f -0.5f  	0.0f  1.0f  0.0f	0.0f 1.0f