[VerticesNum]
6

[Normals]
Enable=1

[Texture]
texEnable=1

[Vertices]
-1000.0f -2.0f -1000.0f
-1000.0f -2.0f 1000.0f
1000.0f -2.0f 1000.0f
-1000.0f -2.0f -1000.0f
1000.0f -2.0f 1000.0f
1000.0f -2.0f -1000.0f

[TexCoords]
0.0f 0.0f
0.0f 100.0f
100.0f 100.0f
0.0f 0.0f
100.0f 100.0f
100.0f 0.0f