[VerticesNum]
240

[Normals]
Enable=1

[Texture]
texEnable=0

[Vertices]
0.000000 0.000000 -0.500000 0.223605 -0.154506 -0.425327 -0.085408 -0.249998 -0.425327 
0.380422 -0.262863 -0.223610 0.223605 -0.154506 -0.425327 0.447211 0.000000 -0.262868 
0.000000 0.000000 -0.500000 -0.085408 -0.249998 -0.425327 -0.276392 0.000000 -0.425326 
0.000000 0.000000 -0.500000 -0.276392 0.000000 -0.425326 -0.085408 0.249998 -0.425327 
0.000000 0.000000 -0.500000 -0.085408 0.249998 -0.425327 0.223605 0.154506 -0.425327 
0.380422 -0.262863 -0.223610 0.447211 0.000000 -0.262868 0.500000 -0.154506 0.000000 
-0.145306 -0.425325 -0.223610 0.138198 -0.404506 -0.262869 0.000000 -0.500000 0.000000 
-0.470227 0.000000 -0.223608 -0.361802 -0.249998 -0.262868 -0.500000 -0.154506 0.000000 
-0.145306 0.425325 -0.223610 -0.361802 0.249998 -0.262868 -0.309017 0.404508 0.000000 
0.380422 0.262863 -0.223610 0.138198 0.404506 -0.262869 0.309017 0.404508 0.000000 
0.380422 -0.262863 -0.223610 0.500000 -0.154506 0.000000 0.309017 -0.404508 0.000000 
-0.145306 -0.425325 -0.223610 0.000000 -0.500000 0.000000 -0.309017 -0.404508 0.000000 
-0.470227 0.000000 -0.223608 -0.500000 -0.154506 0.000000 -0.500000 0.154506 0.000000 
-0.145306 0.425325 -0.223610 -0.309017 0.404508 0.000000 0.000000 0.500000 0.000000 
0.380422 0.262863 -0.223610 0.309017 0.404508 0.000000 0.500000 0.154506 0.000000 
0.145306 -0.425325 0.223610 0.361802 -0.249998 0.262868 0.085408 -0.249998 0.425327 
-0.380422 -0.262863 0.223610 -0.138198 -0.404506 0.262869 -0.223605 -0.154506 0.425327 
-0.380422 0.262863 0.223610 -0.447211 0.000000 0.262868 -0.223605 0.154506 0.425327 
0.145306 0.425325 0.223610 -0.138198 0.404506 0.262869 0.085408 0.249998 0.425327 
0.470227 0.000000 0.223608 0.361802 0.249998 0.262868 0.276392 0.000000 0.425326 
0.276392 0.000000 0.425326 0.085408 0.249998 0.425327 0.000000 0.000000 0.500000 
0.276392 0.000000 0.425326 0.361802 0.249998 0.262868 0.085408 0.249998 0.425327 
0.361802 0.249998 0.262868 0.145306 0.425325 0.223610 0.085408 0.249998 0.425327 
0.085408 0.249998 0.425327 -0.223605 0.154506 0.425327 0.000000 0.000000 0.500000 
0.085408 0.249998 0.425327 -0.138198 0.404506 0.262869 -0.223605 0.154506 0.425327 
-0.138198 0.404506 0.262869 -0.380422 0.262863 0.223610 -0.223605 0.154506 0.425327 
-0.223605 0.154506 0.425327 -0.223605 -0.154506 0.425327 0.000000 0.000000 0.500000 
-0.223605 0.154506 0.425327 -0.447211 0.000000 0.262868 -0.223605 -0.154506 0.425327 
-0.447211 0.000000 0.262868 -0.380422 -0.262863 0.223610 -0.223605 -0.154506 0.425327 
-0.223605 -0.154506 0.425327 0.085408 -0.249998 0.425327 0.000000 0.000000 0.500000 
-0.223605 -0.154506 0.425327 -0.138198 -0.404506 0.262869 0.085408 -0.249998 0.425327 
-0.138198 -0.404506 0.262869 0.145306 -0.425325 0.223610 0.085408 -0.249998 0.425327 
0.085408 -0.249998 0.425327 0.276392 0.000000 0.425326 0.000000 0.000000 0.500000 
0.085408 -0.249998 0.425327 0.361802 -0.249998 0.262868 0.276392 0.000000 0.425326 
0.361802 -0.249998 0.262868 0.470227 0.000000 0.223608 0.276392 0.000000 0.425326 
0.500000 0.154506 0.000000 0.361802 0.249998 0.262868 0.470227 0.000000 0.223608 
0.500000 0.154506 0.000000 0.309017 0.404508 0.000000 0.361802 0.249998 0.262868 
0.309017 0.404508 0.000000 0.145306 0.425325 0.223610 0.361802 0.249998 0.262868 
0.000000 0.500000 0.000000 -0.138198 0.404506 0.262869 0.145306 0.425325 0.223610 
0.000000 0.500000 0.000000 -0.309017 0.404508 0.000000 -0.138198 0.404506 0.262869 
-0.309017 0.404508 0.000000 -0.380422 0.262863 0.223610 -0.138198 0.404506 0.262869 
-0.500000 0.154506 0.000000 -0.447211 0.000000 0.262868 -0.380422 0.262863 0.223610 
-0.500000 0.154506 0.000000 -0.500000 -0.154506 0.000000 -0.447211 0.000000 0.262868 
-0.500000 -0.154506 0.000000 -0.380422 -0.262863 0.223610 -0.447211 0.000000 0.262868 
-0.309017 -0.404508 0.000000 -0.138198 -0.404506 0.262869 -0.380422 -0.262863 0.223610 
-0.309017 -0.404508 0.000000 0.000000 -0.500000 0.000000 -0.138198 -0.404506 0.262869 
0.000000 -0.500000 0.000000 0.145306 -0.425325 0.223610 -0.138198 -0.404506 0.262869 
0.309017 -0.404508 0.000000 0.361802 -0.249998 0.262868 0.145306 -0.425325 0.223610 
0.309017 -0.404508 0.000000 0.500000 -0.154506 0.000000 0.361802 -0.249998 0.262868 
0.500000 -0.154506 0.000000 0.470227 0.000000 0.223608 0.361802 -0.249998 0.262868 
0.309017 0.404508 0.000000 0.000000 0.500000 0.000000 0.145306 0.425325 0.223610 
0.309017 0.404508 0.000000 0.138198 0.404506 -0.262869 0.000000 0.500000 0.000000 
0.138198 0.404506 -0.262869 -0.145306 0.425325 -0.223610 0.000000 0.500000 0.000000 
-0.309017 0.404508 0.000000 -0.500000 0.154506 0.000000 -0.380422 0.262863 0.223610 
-0.309017 0.404508 0.000000 -0.361802 0.249998 -0.262868 -0.500000 0.154506 0.000000 
-0.361802 0.249998 -0.262868 -0.470227 0.000000 -0.223608 -0.500000 0.154506 0.000000 
-0.500000 -0.154506 0.000000 -0.309017 -0.404508 0.000000 -0.380422 -0.262863 0.223610 
-0.500000 -0.154506 0.000000 -0.361802 -0.249998 -0.262868 -0.309017 -0.404508 0.000000 
-0.361802 -0.249998 -0.262868 -0.145306 -0.425325 -0.223610 -0.309017 -0.404508 0.000000 
0.000000 -0.500000 0.000000 0.309017 -0.404508 0.000000 0.145306 -0.425325 0.223610 
0.000000 -0.500000 0.000000 0.138198 -0.404506 -0.262869 0.309017 -0.404508 0.000000 
0.138198 -0.404506 -0.262869 0.380422 -0.262863 -0.223610 0.309017 -0.404508 0.000000 
0.500000 -0.154506 0.000000 0.500000 0.154506 0.000000 0.470227 0.000000 0.223608 
0.500000 -0.154506 0.000000 0.447211 0.000000 -0.262868 0.500000 0.154506 0.000000 
0.447211 0.000000 -0.262868 0.380422 0.262863 -0.223610 0.500000 0.154506 0.000000 
0.223605 0.154506 -0.425327 0.138198 0.404506 -0.262869 0.380422 0.262863 -0.223610 
0.223605 0.154506 -0.425327 -0.085408 0.249998 -0.425327 0.138198 0.404506 -0.262869 
-0.085408 0.249998 -0.425327 -0.145306 0.425325 -0.223610 0.138198 0.404506 -0.262869 
-0.085408 0.249998 -0.425327 -0.361802 0.249998 -0.262868 -0.145306 0.425325 -0.223610 
-0.085408 0.249998 -0.425327 -0.276392 0.000000 -0.425326 -0.361802 0.249998 -0.262868 
-0.276392 0.000000 -0.425326 -0.470227 0.000000 -0.223608 -0.361802 0.249998 -0.262868 
-0.276392 0.000000 -0.425326 -0.361802 -0.249998 -0.262868 -0.470227 0.000000 -0.223608 
-0.276392 0.000000 -0.425326 -0.085408 -0.249998 -0.425327 -0.361802 -0.249998 -0.262868 
-0.085408 -0.249998 -0.425327 -0.145306 -0.425325 -0.223610 -0.361802 -0.249998 -0.262868 
0.447211 0.000000 -0.262868 0.223605 0.154506 -0.425327 0.380422 0.262863 -0.223610 
0.447211 0.000000 -0.262868 0.223605 -0.154506 -0.425327 0.223605 0.154506 -0.425327 
0.223605 -0.154506 -0.425327 0.000000 0.000000 -0.500000 0.223605 0.154506 -0.425327 
-0.085408 -0.249998 -0.425327 0.138198 -0.404506 -0.262869 -0.145306 -0.425325 -0.223610 
-0.085408 -0.249998 -0.425327 0.223605 -0.154506 -0.425327 0.138198 -0.404506 -0.262869 
0.223605 -0.154506 -0.425327 0.380422 -0.262863 -0.223610 0.138198 -0.404506 -0.262869